Rotation matrix :
    |  0.998 -0.063 -0.015 | 
R = |  0.063  0.997  0.042 | 
    |  0.013 -0.043  0.999 | 
Translation vector :
t = < -0.280, -0.494, -0.421 >

good matches size50
Scale Matrix
Rotation matrix :
    |  2.475  0.000  0.000 | 
R = |  0.000  2.475  0.000 | 
    |  0.000  0.000  2.475 | 
Translation vector :
t = <  0.000,  0.000,  0.000 >


Status : Calculated SHOT descriptors and finding the correspondences
May take a while...depends on the feature descriptor and its support size
RANSAC based Transformation Matrix : 
   0.999759   0.0139818  -0.0168955  -0.0183215
 -0.0138584    0.999877  0.00740105 -0.00956533
  0.0169969 -0.00716512     0.99983  0.00240246
          0           0           0           1
Transformation between 
  0.991688   0.127049  0.0203156   0.013447
 -0.126708   0.991789 -0.0173045  0.0415706
-0.0223473  0.0145865   0.999644 0.00336882


ICP_COV = 
  1.66382  -3.83711 -0.308732   11.0774  -7.96305  -11.7633
 -1.39929   3.22714  0.259637  -9.31637   6.69704   9.89333
-0.252062  0.581297 0.0467751  -1.67817   1.20636   1.78205
  6.52569  -15.0496  -1.21088   43.4473   -31.232   -46.137
 -6.38163   14.7174   1.18415  -42.4878   30.5425   45.1185
 -3.47555   8.01569  0.644876  -23.1401   16.6342   24.5735

Successfully Computed the ICP's Covariance !!!

Transformation between 
  0.976221  -0.213422 -0.0380664  0.0070561
  0.212127   0.976604 -0.0353866 -0.0201085
  0.044726  0.0264717    0.99865 0.00359977

