Status : Calculated SHOT descriptors and finding the correspondences
May take a while...depends on the feature descriptor and its support size
RANSAC based Transformation Matrix : 
     0.99942    0.0339357   0.00272973   0.00200884
  -0.0339741     0.999302    0.0155316   -0.0160948
 -0.00220075   -0.0156154     0.999876 -0.000117435
           0            0            0            1
Transformation between 
  0.991688   0.127049  0.0203156   0.013447
 -0.126708   0.991789 -0.0173045  0.0415706
-0.0223473  0.0145865   0.999644 0.00336882


ICP_COV = 
-2.44325e-06 -2.17944e-05  1.29102e-06  6.25928e-06  9.04798e-08 -2.19566e-05
  4.2686e-06  1.09342e-05 -1.85383e-06 -2.13943e-06 -3.10331e-06  1.05888e-05
-2.43134e-07 -2.96471e-07    1.395e-07 -2.59825e-07  1.48086e-07 -3.28693e-07
 1.32197e-06 -8.47708e-06 -6.73445e-07  1.19473e-05 -1.43482e-06  -7.6643e-06
 2.70744e-06  2.17877e-05 -1.45683e-06 -5.41437e-06 -6.69541e-08  2.19439e-05
 4.07814e-06  7.10465e-06  -1.7339e-06 -6.98432e-07 -3.27459e-06  7.64946e-06
*******************



Successfully Computed the ICP's Covariance !!!

Transformation between 
    0.99196   -0.121677  -0.0349074  0.00488052
   0.122304    0.992359   0.0165455  -0.0435635
  0.0326278  -0.0206814    0.999256 -0.00874157
          0           0           0           1
