Status : Calculated SHOT descriptors and finding the correspondences
May take a while...depends on the feature descriptor and its support size
RANSAC based Transformation Matrix : 
  0.988941  0.0493775   -0.13985   0.165011
-0.0601995   0.995422 -0.0742392  0.0652685
  0.135544  0.0818371   0.987386  0.0194634
         0          0          0          1
Transformation between 
  0.991688   0.127049  0.0203156   0.013447
 -0.126708   0.991789 -0.0173045  0.0415706
-0.0223473  0.0145865   0.999644 0.00336882



ICP_COV = 
 0.000117569 -0.000644004 -0.000101386  0.000212939 -0.000243664 -0.000648826
-1.00689e-05  7.94761e-05  9.74764e-06 -2.01448e-05  2.44057e-05     7.93e-05
 6.52297e-08 -2.64344e-07  1.17394e-07 -3.71955e-07 -1.17879e-07 -3.36266e-07
 0.000121527 -0.000614037   -0.0001031   0.00023385 -0.000245955 -0.000618518
-0.000143197  0.000780414  0.000123334 -0.000260993  0.000297079  0.000786293
 5.86613e-06 -9.15585e-06 -4.07644e-06  8.24693e-06 -8.58538e-06 -8.94505e-06
*******************



Successfully Computed the ICP's Covariance !!!

Transformation between 
    0.99256  -0.0999828  -0.0695387   0.0459216
  0.0986552    0.994874  -0.0222319  0.00229607
  0.0714058   0.0152064    0.997336 -0.00627528

