Rotation matrix :
    |  0.998 -0.045 -0.036 | 
R = |  0.046  0.998  0.035 | 
    |  0.034 -0.037  0.999 | 
Translation vector :
t = <  0.318, -0.601, -0.192 >

good matches size171
Scale Matrix
Rotation matrix :
    |  2.659  0.000  0.000 | 
R = |  0.000  2.659  0.000 | 
    |  0.000  0.000  2.659 | 
Translation vector :
t = <  0.000,  0.000,  0.000 >


Status : Calculated SHOT descriptors and finding the correspondences
May take a while...depends on the feature descriptor and its support size
RANSAC based Transformation Matrix : 
   0.996406  -0.0835653   0.0138424 -0.00796701
  0.0837211    0.996428  -0.0110832 -0.00496945
 -0.0128668   0.0122022    0.999843  -0.0696388
          0           0           0           1
Transformation between 
  0.991688   0.127049  0.0203156   0.013447
 -0.126708   0.991789 -0.0173045  0.0415706
-0.0223473  0.0145865   0.999644 0.00336882


ICP_COV = 
 2.74431e-05 -7.68694e-05 -4.49874e-07   0.00012723 -7.70515e-05 -0.000150006
-1.50294e-05  7.81094e-05 -2.07023e-06 -0.000117009  5.17601e-05  0.000155194
-1.10594e-06  1.01808e-06  1.72004e-06 -6.99392e-06  2.55902e-06  2.48337e-06
 5.45664e-05 -0.000180938 -3.51897e-06  0.000373023 -0.000154721 -0.000353814
 -5.7068e-05  0.000162497  7.06986e-07 -0.000262428  0.000169854  0.000318001
-2.17083e-05  0.000136789 -3.87857e-06 -0.000201404  8.27079e-05  0.000281837
*******************



Successfully Computed the ICP's Covariance !!!

Transformation between 
   0.995616  -0.0933409 -0.00634443   -0.018207
  0.0934222    0.995536   0.0139341   -0.028932
 0.00501529  -0.0144645    0.999885   0.0118848


